Sample	fastp_mqc-generalstats-fastp-pct_duplication	fastp_mqc-generalstats-fastp-after_filtering_q30_rate	fastp_mqc-generalstats-fastp-after_filtering_q30_bases	fastp_mqc-generalstats-fastp-filtering_result_passed_filter_reads	fastp_mqc-generalstats-fastp-after_filtering_gc_content	fastp_mqc-generalstats-fastp-pct_surviving	fastp_mqc-generalstats-fastp-pct_adapter
AS-3-DNA80.1	47.8903	0.965589	483074570.0	3647564.0	0.484089	97.8445866269519	13.144931377209144
BO-27A-DNA80.1	62.564600000000006	0.96559	3468964910.0	26226344.0	0.482263	97.70226480311833	13.771882323103329
DR-4-DNA80.1	43.4484	0.964284	245042953.0	1853538.0	0.48276	97.86739517024935	13.55373593927541
FF-28-DNA80.1	61.894400000000005	0.966978	2382017637.0	17954780.0	0.481243	98.11311228004334	13.721435783730367
HU2-DNA60.1	56.351	0.965738	1383137675.0	10438246.0	0.482118	97.90741204861226	12.85363271272365
KA-5-DNA80.1	65.8237	0.967032	5293838537.0	39878294.0	0.481585	98.02400904376537	13.971393364709897
LOST2-DNA60.1	60.6825	0.967045	2338343460.0	17614648.0	0.48192	98.10891906150412	13.144986436581663
ML4-DNA80.1	49.4122	0.964382	662446205.0	5014280.0	0.482114	97.77516399922158	13.93430827446807
MM-02-DNA80.1	64.67530000000001	0.9663	3090479952.0	23326990.0	0.482347	97.85482762155993	14.40890826232874
RA-03-DNA80.1	65.6368	0.966722	4390084878.0	33124060.0	0.480878	97.80266243379494	14.928207117814733
RA-04-DNA80.1	50.3278	0.965869	598150441.0	4518476.0	0.483476	97.9849919633881	10.665490450180378
RA-05-DNA80.1	61.1969	0.966109	2662033259.0	20108698.0	0.480866	97.78822843330877	14.026677149958209
RO2-DNA80.1	52.9587	0.965179	869807634.0	6576794.0	0.482645	97.90885036194807	10.095958740331998
SI-3-DNA80.1	66.0344	0.966241	5129520123.0	38700500.0	0.481275	97.83017992229098	13.65167890598252
SU2-DNA80.1	63.9219	0.965933	3793256697.0	28671810.0	0.481703	97.67352068704947	14.045233305065327
WB-5-DNA80.1	64.9369	0.965623	3933087955.0	29739116.0	0.484965	97.87654892432649	14.236359868869172
WETO20-003-DNA80.1	64.4674	0.966824	4435505817.0	33466820.0	0.482762	97.83968051709633	14.15023674073272
WETO22-022-DNA1.1	61.2695	0.965008	2963972218.0	22411466.0	0.485643	97.84045618522968	14.237478921584934
WETO22-022-DNA80.1	64.3966	0.966814	3930727275.0	29599782.0	0.482902	98.26567769058553	10.412048948088051
WETO22-053-DNA80.1	58.2622	0.965576	2135105877.0	16141600.0	0.485225	97.83404529740056	14.445759005416098
WETO22-065-DNA80.1	65.3648	0.966547	4791803912.0	36172998.0	0.481302	97.99858874222016	12.99616376940527
WETO22-074-DNA80.1	57.282	0.965056	1503932240.0	11379422.0	0.48111	97.93193058080716	12.064346439838598
WETO22-086-DNA80.1	50.795	0.966251	574641685.0	4333950.0	0.486093	98.16261207065253	9.553139790245776
WETO22-105-DNA80.1	60.966699999999996	0.965046	2751580173.0	20835012.0	0.482461	97.81314624829174	13.597019458866159
WETO22-127-DNA80.1	59.945499999999996	0.96483	2203187960.0	16671666.0	0.480712	97.92593967495597	12.344754143521468
WETO22-158-DNA80.1	59.2291	0.96548	2016420121.0	15259152.0	0.482548	97.83968736751476	11.977705161221323
WETO22-166-DNA80.1	63.3666	0.965684	3565847939.0	26944162.0	0.485192	98.14927940634031	10.13911221625525
WETO22-177-DNA80.1	67.0496	0.965574	7418743273.0	56194548.0	0.480934	97.70505760706627	13.131383697654393
WETO23-011-DNA80.1	57.5793	0.9661	1740578859.0	13134186.0	0.483368	98.17262770034438	9.696065317134806
WETO23-039-DNA80.1	63.184799999999996	0.966787	3039349042.0	22920546.0	0.482669	97.94224485114673	14.389919812338242
WETO23-058-DNA80.1	57.377900000000004	0.966475	1605866659.0	12124148.0	0.48168	97.93472056877052	13.911746417114424
WETO23-060-DNA80.1	61.7301	0.966378	2477617718.0	18706122.0	0.481984	98.00464966316818	13.699573332053577
WETO23-061-DNA80.1	66.1215	0.96634	6057370830.0	45756034.0	0.480874	98.06095513819649	12.532363348701548
WETO23-062-DNA80.1	56.5521	0.965742	1381703910.0	10450968.0	0.482784	97.81154537286612	11.996836627732854
WETO23-065-DNA80.1	58.5396	0.965831	1930660594.0	14577022.0	0.481071	98.1121598588404	12.605128666260857
WETO23-077-DNA80.1	56.2234	0.965869	1558342310.0	11770502.0	0.482446	97.84020923113343	14.579231894847124
WETO23-089-DNA80.1	62.8621	0.965797	3528010174.0	26673684.0	0.480534	97.95762146058989	13.927914323341101
WETO23-102-DNA80.1	56.2486	0.965442	1719777409.0	13001902.0	0.483887	97.88023921442273	12.295061233953755
WETO23-107-DNA80.1	45.8088	0.965437	277578641.0	2099266.0	0.483414	97.88604132608289	10.136706018179598
WETO23-118-DNA80.1	58.67210000000001	0.965807	1909863389.0	14425952.0	0.481994	97.6997609849274	13.820126190639376
WETO23-130-DNA80.1	63.153800000000004	0.967555	3589791533.0	27003320.0	0.481818	98.14829299667906	13.901454364328774
WETO23-156-DNA80.1	62.8409	0.965842	3567902662.0	26995742.0	0.482228	97.7497783083652	13.108292335317243
WETO23-191-DNA80.1	66.2236	0.96636	4977629798.0	37585616.0	0.48167	97.92883581106467	13.788430282638025
WETO23-200-DNA80.1	59.026999999999994	0.967181	1815106778.0	13662010.0	0.484153	98.16381633507363	12.33067975554914
WETO23-226-DNA80.1	60.8078	0.966591	2293159451.0	17285904.0	0.484066	98.03813742157926	12.647852042013142
WETO23-239-DNA80.1	50.4659	0.966555	597946739.0	4509664.0	0.48525	97.85484463138306	13.487789148976983

Total reads after the run = 929,487,304
